NAME	= Hillshade_of_Mdt_Murcia
DESCRIPTION	= 
UNIT	= 
DATAFORMAT	= FLOAT
DATAFILE_OFFSET	= 0
BYTEORDER_BIG	= FALSE
TOPTOBOTTOM	= FALSE
POSITION_XMIN	= 550500.0000000000000000
POSITION_YMIN	= 4130500.0000000000000000
CELLCOUNT_X	= 160
CELLCOUNT_Y	= 170
CELLSIZE	= 1000.0000000000000000
Z_FACTOR	= 57.295780
Z_OFFSET	= 0.000000
NODATA_VALUE	= -99999.000000;-99999.000000
