NAME	= precipitacion_grid
DESCRIPTION	= 
UNIT	= 
DATAFORMAT	= FLOAT
DATAFILE_OFFSET	= 0
BYTEORDER_BIG	= FALSE
TOPTOBOTTOM	= FALSE
POSITION_XMIN	= 557700.0000000000000000
POSITION_YMIN	= 4137500.0000000000000000
CELLCOUNT_X	= 1464
CELLCOUNT_Y	= 1538
CELLSIZE	= 100.0000000000000000
Z_FACTOR	= 1.000000
Z_OFFSET	= 0.000000
NODATA_VALUE	= -99999.000000;-99999.000000
